================================================================
Plan A -- Shock magnitude descriptive moments
Moments 1, 3, 6 from streamed-leaping-tide.md
Generated by analysis/phase5_shock_distribution_byphase.R
================================================================

Definition:
  firm_cost_share_{j,t} = (shortage_{j,t} * EUA_t) / total_cost_{j,t}
  Same-year ratio. Plan A is descriptive; no Bartik denominator.

Sample:
  Total firm-years (ETS in_sample): 3924
  Dropped (contaminated VATs, 2021+): 6
  Dropped (total_cost <= 0): 22
  Used: 3902

--------------------------------------------------------------
Moment 1 -- distribution of cost share by phase
--------------------------------------------------------------
        phase5 n_firm_years n_distinct_firms pct_pos_shortage p25       p50
1            I          642              224           15.576   0 0.000e+00
2           II         1122              240            9.447   0 0.000e+00
3  III pre-MSR         1095              232           51.689   0 8.699e-06
4 III post-MSR          635              217           57.480   0 2.773e-04
5           IV          408              208           64.461   0 1.478e-03
        p75      p90      p99      mean sales_wmean
1 0.0000000 0.000059 0.003981 0.0001793   0.0008091
2 0.0000000 0.000000 0.003166 0.0013630   0.0007270
3 0.0005341 0.002475 0.075586 0.0046883   0.0008273
4 0.0032014 0.011249 0.219984 0.0112826   0.0028021
5 0.0088229 0.022705 0.429616 0.0534504   0.0064788

--------------------------------------------------------------
Moment 3 -- effective carbon price per tonne emitted, by phase
--------------------------------------------------------------
        phase5 eua_min eua_max sum_emissions sum_shortage sum_carbon_cost
1            I   0.700  22.000     150515844     17923881       2.703e+08
2           II   7.236  22.000     231329614     33549120       4.810e+08
3  III pre-MSR   4.373   7.619     213656159     71822269       4.163e+08
4 III post-MSR  15.477  24.750     124981220     46466276       1.000e+09
5           IV  53.740  80.235      63973352     31453736       2.100e+09
  pct_emissions_priced eff_eur_per_tonne_emitted
1                11.91                     1.796
2                14.50                     2.079
3                33.62                     1.948
4                37.18                     8.003
5                49.17                    32.822

--------------------------------------------------------------
Moment 6 -- Phase IV only, by NACE 2d (firm-year distribution)
--------------------------------------------------------------
   nace2d n_firm_years n_distinct_firms sum_emissions       p25       p50
1      35           16               10      19344073 0.000e+00 1.288e-02
2      33            2                2         36681 1.087e-01 2.175e-01
3      19            9                5      11738480 0.000e+00 1.306e-03
4      49            4                2        360372 7.109e-03 2.395e-02
5      23           72               36      13373769 2.114e-03 6.823e-03
6      10           51               26       2102243 1.059e-03 3.440e-03
7      20           95               48      12319094 0.000e+00 1.106e-03
8      17           14                7       1369013 3.269e-04 2.786e-03
9      81            4                2        215865 7.028e-03 9.375e-03
10     38            4                2         44132 0.000e+00 5.492e-03
11     46            2                1        124750 7.958e-03 9.193e-03
12     22           12                6        139537 0.000e+00 2.156e-03
13     11           14                7        250495 0.000e+00 6.915e-04
14     52            5                3         28339 0.000e+00 2.673e-03
15     13           18                9        102001 1.338e-04 1.072e-03
16     43            4                2         23954 0.000e+00 1.706e-03
17     25            7                4         60246 0.000e+00 0.000e+00
18     24           24               12       1981759 0.000e+00 5.609e-05
19     42            9                5         43298 4.418e-04 8.319e-04
20     28            6                3         44023 0.000e+00 0.000e+00
21     30            8                4         13904 0.000e+00 0.000e+00
22     21            7                4        138512 6.834e-05 1.044e-04
23     29            8                4         43677 0.000e+00 0.000e+00
24     16            6                3         75135 0.000e+00 0.000e+00
25     27            2                1             0 0.000e+00 0.000e+00
26     45            1                1             0 0.000e+00 0.000e+00
27     63            2                1             0 0.000e+00 0.000e+00
28     82            2                1             0 0.000e+00 0.000e+00
         p75       p90       p99      mean sales_wmean
1  1.437e-01 0.7100340 1.252e+01 1.020e+00   0.0214066
2  3.262e-01 0.3914745 4.306e-01 2.175e-01   0.0152703
3  1.849e-03 0.0889474 9.061e-02 2.043e-02   0.0051504
4  4.704e-02 0.0612483 6.977e-02 3.020e-02   0.0172686
5  1.951e-02 0.0437293 8.849e-01 4.593e-02   0.0206725
6  9.277e-03 0.0223359 2.604e-02 6.703e-03   0.0026781
7  1.064e-02 0.0214665 5.442e-02 7.958e-03   0.0050529
8  9.213e-03 0.0199647 2.328e-02 6.535e-03   0.0074539
9  1.270e-02 0.0186690 2.225e-02 1.035e-02   0.0104965
10 1.114e-02 0.0114258 1.160e-02 5.650e-03   0.0097381
11 1.043e-02 0.0111700 1.161e-02 9.193e-03   0.0087094
12 6.287e-03 0.0084382 1.033e-02 3.427e-03   0.0024995
13 2.719e-03 0.0071594 9.430e-03 2.160e-03   0.0012280
14 3.202e-03 0.0043362 5.017e-03 2.193e-03   0.0027838
15 1.603e-03 0.0039599 5.611e-03 1.493e-03   0.0010944
16 3.553e-03 0.0038068 3.959e-03 1.847e-03   0.0036188
17 3.012e-03 0.0033739 3.547e-03 1.370e-03   0.0006781
18 1.595e-03 0.0022309 3.584e-03 7.590e-04   0.0006508
19 1.084e-03 0.0017182 3.237e-03 1.049e-03   0.0007342
20 9.413e-04 0.0016584 2.021e-03 5.528e-04   0.0001291
21 3.471e-04 0.0014253 1.502e-03 3.624e-04   0.0003289
22 4.689e-04 0.0009470 1.390e-03 3.784e-04   0.0001383
23 7.689e-05 0.0001672 3.509e-04 6.587e-05   0.0000752
24 0.000e+00 0.0000000 0.000e+00 0.000e+00   0.0000000
25 0.000e+00 0.0000000 0.000e+00 0.000e+00   0.0000000
26 0.000e+00 0.0000000 0.000e+00 0.000e+00   0.0000000
27 0.000e+00 0.0000000 0.000e+00 0.000e+00   0.0000000
28 0.000e+00 0.0000000 0.000e+00 0.000e+00   0.0000000

================================================================
Plan A verdict reading:
  Phase IV p90 in Moment 1 above >5% means real shock (population).
  Moment 6 by NACE 2d shows whether high-intensity sectors
  (cement/refining/basic metals) are the upper tail.
  Pair-level Moment 4 (in phase5_pair_shock_magnitude.R) gives
  the buyer-side exposure distribution that drives the verdict.
================================================================
