================================================================
ETS-NACE4d level-share variance benchmark
Generated by analysis/phase5_shock_benchmark_ets_nace_share.R
================================================================

Statistic: sigma_{b,n} = sd_t( Δ share_{b,n,t} )
  share_{b,n,t} = spending_{b,n,t} / inputs_VAT_{b,t}
  Δ = first-difference (level), consecutive years
  Units: percentage points of buyer's total input cost

Sample:
  ETS-treated NACE4d sectors: 121 (>=1 EUTL firm ever)
  Buyers exposed to >=1 ETS NACE4d: 607
  (buyer, ETS-NACE4d) cells with sigma, 2005-2012: 2284
  (buyer, ETS-NACE4d) cells with sigma, 2005-2019: 2293

----------------------------------------------------------------
Cross-cell distribution of sigma_{b,n}
  Unweighted (each cell counted once) and weighted by mean
  spending in the cell (big-spend cells dominate the summary,
  matching how the shock itself is weighted).
----------------------------------------------------------------
                         window              weighting n_cells       p10
10%...1 2005-2012 (pre-Phase-3)             unweighted    2284 0.000e+00
...2    2005-2012 (pre-Phase-3) weighted_by_mean_spend    2284 8.028e-03
10%...3 2005-2019 (pre-Phase-4)             unweighted    2293 7.484e-06
...4    2005-2019 (pre-Phase-4) weighted_by_mean_spend    2293 6.499e-03
              p25       p50      p75     p90     p95     mean
10%...1 8.252e-06 0.0002098 0.002692 0.01577 0.03895 0.008461
...2    1.549e-02 0.0364499 0.103499 0.14645 0.19722 0.065367
10%...3 5.273e-05 0.0004198 0.003575 0.01760 0.04248 0.012473
...4    1.602e-02 0.0324731 0.106289 0.16486 0.23460 0.073619

----------------------------------------------------------------
sigma by ETS-NACE4d sector (2005-2012)
----------------------------------------------------------------
   nace4d n_cells       p25       p50       p75       p90 mean_sigma mean_share
1    1105       9 4.947e-03 8.065e-03 3.920e-02 5.979e-02  2.250e-02  3.231e-02
2    1712      21 3.705e-04 7.075e-03 4.803e-02 6.983e-02  2.336e-02  1.874e-02
3    1106       9 2.793e-03 6.806e-03 1.315e-02 2.076e-02  1.033e-02  1.474e-02
4    2311      17 5.645e-06 4.860e-03 4.754e-02 8.039e-02  4.102e-02  6.369e-02
5    1610      14 3.015e-04 4.240e-03 1.368e-02 3.497e-02  2.976e-02  2.746e-02
6    1393      16 6.355e-05 4.180e-03 1.379e-02 2.561e-02  8.514e-03  5.796e-03
7    1711       6 1.027e-03 3.791e-03 1.231e-02 1.547e-02  6.439e-03  6.035e-03
8    1621      16 2.603e-04 2.614e-03 6.321e-03 1.028e-02  7.072e-03  1.015e-02
9    1629       5 1.142e-03 2.405e-03 9.462e-03 2.126e-02  8.428e-03  6.843e-03
10   2351      54 2.847e-05 2.403e-03 3.004e-02 7.928e-02  3.178e-02  3.529e-02
11   1920      86 1.106e-04 2.282e-03 1.553e-02 7.832e-02  2.672e-02  2.805e-02
12   2811       2 1.079e-03 2.156e-03 3.234e-03 3.880e-03  2.156e-03  8.950e-04
13   2443      21 2.681e-04 2.094e-03 2.497e-02 3.783e-02  1.418e-02  1.633e-02
14   2110       4 7.444e-04 1.646e-03 3.308e-03 5.124e-03  2.407e-03  1.266e-03
15   2015      49 1.661e-04 1.541e-03 3.524e-03 2.656e-02  8.391e-03  8.250e-03
16   2014     142 7.846e-05 1.339e-03 7.679e-03 2.714e-02  8.969e-03  1.230e-02
17   2830       9 6.421e-05 1.104e-03 3.927e-03 1.154e-01  6.305e-02  2.326e-02
18   2442      34 1.961e-05 9.986e-04 1.068e-02 1.798e-02  9.978e-03  9.537e-03
19   2229      14 2.718e-05 9.816e-04 6.679e-03 1.095e-02  4.166e-03  1.916e-03
20   2060      19 2.650e-04 9.008e-04 4.807e-03 1.150e-02  4.029e-02  2.096e-02
21   2540       8 1.427e-04 8.487e-04 7.421e-03 5.491e-02  1.902e-02  1.616e-02
22   2530      12 1.691e-05 7.125e-04 2.277e-03 4.939e-03  3.526e-03  2.036e-03
23   2352      48 1.292e-04 6.768e-04 4.756e-03 2.147e-02  1.462e-02  9.364e-03
24   2012      91 9.383e-05 6.740e-04 4.850e-03 1.266e-02  4.352e-03  4.728e-03
25   2410      46 0.000e+00 6.514e-04 9.006e-03 6.976e-02  1.719e-02  2.267e-02
26   1330      22 3.710e-05 5.824e-04 4.294e-03 1.316e-02  7.285e-03  1.162e-02
27   2332      36 1.149e-05 5.580e-04 1.774e-03 4.330e-02  1.022e-02  1.043e-02
28   2120       7 2.885e-04 4.754e-04 9.033e-04 9.449e-04  5.527e-04  3.174e-04
29   2013      67 1.495e-05 3.690e-04 2.592e-03 9.025e-03  8.297e-03  6.886e-03
30   2363      19 4.713e-05 3.554e-04 3.029e-03 1.064e-02  5.725e-03  2.854e-03
31   1320      26 3.209e-06 3.428e-04 1.218e-02 2.817e-02  1.217e-02  1.156e-02
32   2452       7 1.550e-04 3.186e-04 1.086e-03 1.347e-03  6.055e-04  3.573e-04
33   2319       5 7.121e-07 2.850e-04 7.558e-04 9.195e-02  3.076e-02  1.442e-02
34   2222      11 7.293e-07 2.827e-04 2.752e-03 2.285e-02  6.285e-03  4.219e-03
35   2451      24 6.079e-05 2.499e-04 1.119e-03 5.770e-03  2.113e-03  1.768e-03
36   2314       9 6.013e-06 2.376e-04 6.252e-04 1.639e-03  5.383e-04  5.274e-04
37   2561      44 4.949e-05 2.327e-04 9.167e-04 2.344e-03  1.184e-03  1.135e-03
38   2521       9 1.245e-04 2.257e-04 5.188e-03 9.084e-03  3.107e-03  2.844e-03
39   2059     137 2.723e-05 2.138e-04 1.281e-03 4.423e-03  2.399e-03  2.068e-03
40   4675     116 4.428e-05 2.077e-04 1.243e-03 6.420e-03  4.519e-03  2.456e-03
41   2932      15 0.000e+00 2.075e-04 7.311e-04 3.599e-03  2.974e-03  1.339e-03
42   2511      18 0.000e+00 1.933e-04 3.942e-03 7.104e-03  2.231e-03  9.016e-04
43   2732       5 4.367e-05 1.878e-04 7.873e-03 1.026e-02  3.993e-03  5.444e-03
44   1395       5 0.000e+00 1.777e-04 1.170e-02 1.457e-02  5.673e-03  5.035e-03
45   2813       8 1.168e-04 1.677e-04 2.639e-04 1.255e-03  5.543e-04  2.122e-04
46   2550      20 3.901e-05 1.666e-04 1.165e-03 3.067e-03  1.241e-03  2.549e-03
47   2011     132 3.467e-05 1.555e-04 2.040e-03 1.168e-02  5.120e-03  1.121e-02
48   2016      92 0.000e+00 1.491e-04 2.348e-03 1.956e-02  1.939e-02  1.496e-02
49   1392       8 4.906e-05 1.384e-04 1.377e-03 2.660e-03  1.008e-03  5.149e-04
50   2365      17 2.147e-05 1.358e-04 6.366e-03 1.611e-02  1.488e-02  3.103e-02
51   2361      38 1.272e-05 1.212e-04 1.641e-03 1.413e-02  4.218e-03  2.950e-03
52   3311       9 2.225e-05 1.082e-04 3.713e-04 1.433e-03  5.632e-04  5.196e-04
53   2434      17 3.107e-05 1.023e-04 1.211e-03 3.882e-03  2.318e-03  3.588e-03
54   2812      23 9.682e-07 1.006e-04 1.802e-04 7.706e-04  2.038e-04  1.235e-04
55   3320      10 9.647e-06 9.821e-05 1.421e-03 3.497e-03  1.046e-03  1.117e-03
56   3821      18 3.566e-06 8.078e-05 3.845e-04 1.551e-03  6.071e-04  6.434e-04
57   2017      17 7.860e-06 8.058e-05 5.660e-04 1.822e-02  6.351e-03  3.939e-03
58   4673      96 1.246e-05 7.303e-05 3.835e-04 1.394e-03  7.269e-04  5.465e-04
59   2399      40 0.000e+00 5.979e-05 1.415e-03 7.103e-03  4.337e-03  3.610e-03
60   2221      17 0.000e+00 5.051e-05 1.998e-04 4.376e-03  1.414e-03  1.643e-03
61   2892      12 2.200e-05 4.975e-05 1.807e-04 3.576e-04  2.671e-04  2.822e-04
62   1107      10 3.829e-05 4.835e-05 2.521e-03 1.087e-02  3.317e-03  4.340e-03
63   2223      10 0.000e+00 4.223e-05 2.054e-03 3.197e-03  1.115e-03  6.177e-04
64   2313       3 3.158e-05 4.194e-05 3.721e-03 5.929e-03  2.488e-03  9.024e-04
65   2444      38 7.881e-07 3.637e-05 1.384e-03 4.831e-02  1.288e-02  2.095e-02
66   2894       3 1.641e-05 2.639e-05 1.239e-03 1.966e-03  8.280e-04  4.111e-04
67   2320      16 0.000e+00 2.286e-05 1.387e-04 2.932e-04  1.135e-03  1.125e-03
68   4638       5 1.433e-06 2.221e-05 3.146e-05 5.151e-03  1.724e-03  9.632e-04
69   4676      88 0.000e+00 2.088e-05 1.664e-04 5.464e-04  8.602e-04  7.718e-04
70   2312      21 0.000e+00 1.942e-05 2.839e-03 1.325e-02  2.693e-03  2.134e-03
71   2910      12 0.000e+00 1.256e-05 7.428e-04 2.171e-03  7.818e-03  2.157e-03
72   3312       5 0.000e+00 8.923e-06 3.128e-05 2.626e-04  9.140e-05  5.661e-05
73   4950      17 2.502e-06 6.875e-06 1.377e-05 4.847e-05  1.520e-05  1.173e-05
74   2020      14 0.000e+00 1.834e-06 5.064e-04 2.401e-02  1.333e-02  1.969e-02
75   4646      15 0.000e+00 5.289e-07 2.705e-05 8.619e-05  8.376e-05  3.457e-05
76   1722       2 0.000e+00 0.000e+00 0.000e+00 0.000e+00  0.000e+00  0.000e+00
77   2219      10 0.000e+00 0.000e+00 4.058e-05 1.828e-03  1.606e-03  8.237e-04
78   2362      14 0.000e+00 0.000e+00 1.367e-04 3.365e-03  8.766e-04  6.296e-04
79   2441       8 0.000e+00 0.000e+00 0.000e+00 0.000e+00  0.000e+00  0.000e+00
80   2599      10 0.000e+00 0.000e+00 2.289e-06 1.745e-05  9.298e-06  3.112e-06
81   3822       1 0.000e+00 0.000e+00 0.000e+00 0.000e+00  0.000e+00  0.000e+00
82   4671      71 0.000e+00 0.000e+00 1.102e-04 7.112e-04  5.003e-04  2.327e-04
83   7010       3 0.000e+00 0.000e+00 9.771e-06 1.563e-05  6.514e-06  3.307e-06

----------------------------------------------------------------
sigma by mean-share quintile (2005-2012)
  sigma scales with the level of share, as expected. The carbon
  shock also scales with share, so shock/sigma is approximately
  invariant across quintiles -- the relevant comparison object.
----------------------------------------------------------------
  share_q n_cells  share_lo  share_hi mean_share sigma_p25 sigma_p50 sigma_p75
1       1     369 3.086e-08 2.106e-05  7.526e-06 5.273e-06 1.548e-05 3.096e-05
2       2     368 2.110e-05 1.519e-04  6.962e-05 7.532e-05 1.194e-04 1.999e-04
3       3     368 1.522e-04 7.870e-04  3.837e-04 3.045e-04 5.449e-04 9.609e-04
4       4     368 7.909e-04 5.892e-03  2.485e-03 1.614e-03 2.926e-03 4.980e-03
5       5     368 5.911e-03 6.686e-01  5.160e-02 1.095e-02 2.184e-02 4.947e-02
  sigma_mean
1  2.166e-05
2  1.535e-04
3  7.257e-04
4  3.790e-03
5  4.782e-02

================================================================
Reading: compare median(sigma) -- spending-weighted -- against the
median carbon shock magnitude (also in pp of total input cost).
Ratio shock/sigma answers 'how many sd's of normal variation is
the carbon shock?'.
================================================================
