Intrastat-break diagnostic -- 2026-05-27 01:42:03 
Panel: 2000 - 2022 rows: 11195549 

UNREGULATED value (EUR m) by year x bloc:
Key: <year>
     year ETS-bloc (intra-EU) non-ETS (extra-EU)
    <int>               <num>              <num>
 1:  2000             10949.8             2766.1
 2:  2001             10947.4             2617.9
 3:  2002             10649.7             2648.9
 4:  2003             10385.6             2550.6
 5:  2004             10911.3             2673.2
 6:  2005             11045.4             2181.8
 7:  2006             11440.9             2854.3
 8:  2007             11584.7             2702.8
 9:  2008             11965.2             2749.7
10:  2009              9494.8             2196.5
11:  2010             11785.7             2851.3
12:  2011             13613.3             4214.0
13:  2012             14719.6             4028.5
14:  2013             15470.6             4552.7
15:  2014             16124.6             4462.9
16:  2015             15023.4             3915.9
17:  2016             13037.1             5021.9
18:  2017             14100.6             7024.6
19:  2018             14290.8             7668.9
20:  2019             15976.5            10177.2
21:  2020             16053.3             9838.5
22:  2021             17882.1            10797.2
23:  2022             18117.6            11917.9
     year ETS-bloc (intra-EU) non-ETS (extra-EU)

UNREGULATED active flows by year x bloc:
Key: <year>
     year ETS-bloc (intra-EU) non-ETS (extra-EU)
    <int>               <int>              <int>
 1:  2000               35500               7502
 2:  2001               35617               7239
 3:  2002               35252               6971
 4:  2003               34942               7011
 5:  2004               34848               7577
 6:  2005               34321               7790
 7:  2006               33327               8142
 8:  2007               33283               9145
 9:  2008               32976              11187
10:  2009               33100              11998
11:  2010               29848              12413
12:  2011               31003              12606
13:  2012               30522              12526
14:  2013               30344              11714
15:  2014               30209              11603
16:  2015               25539              10999
17:  2016               25907              11322
18:  2017               26372              10988
19:  2018               26519              10895
20:  2019               26728              10659
21:  2020               26583               9980
22:  2021               25594              14305
23:  2022               23612              13049
     year ETS-bloc (intra-EU) non-ETS (extra-EU)

UNREGULATED reporting firms by year x bloc:
Key: <year>
     year ETS-bloc (intra-EU) non-ETS (extra-EU)
    <int>               <int>              <int>
 1:  2000                2686               1458
 2:  2001                2753               1389
 3:  2002                2677               1362
 4:  2003                2642               1330
 5:  2004                2601               1373
 6:  2005                2531               1374
 7:  2006                2317               1430
 8:  2007                2311               1558
 9:  2008                2345               1718
10:  2009                2428               1809
11:  2010                1994               1794
12:  2011                1945               1805
13:  2012                1888               1743
14:  2013                1867               1685
15:  2014                1818               1735
16:  2015                1403               1694
17:  2016                1349               1690
18:  2017                1311               1731
19:  2018                1379               1700
20:  2019                1410               1743
21:  2020                1400               1651
22:  2021                1409               2062
23:  2022                1452               1928
     year ETS-bloc (intra-EU) non-ETS (extra-EU)

Non-ETS value share within product class:
Key: <year>
     year Regulated Unregulated
    <int>     <num>       <num>
 1:  2000 0.1964927   0.2016700
 2:  2001 0.1651955   0.1929866
 3:  2002 0.1701601   0.1991866
 4:  2003 0.1631662   0.1971659
 5:  2004 0.1798682   0.1967798
 6:  2005 0.1759411   0.1649454
 7:  2006 0.1749781   0.1996662
 8:  2007 0.1761412   0.1891736
 9:  2008 0.1617028   0.1868628
10:  2009 0.1747837   0.1878720
11:  2010 0.1998186   0.1947997
12:  2011 0.1929240   0.2363808
13:  2012 0.1796004   0.2148738
14:  2013 0.1976285   0.2273722
15:  2014 0.1983740   0.2167783
16:  2015 0.2312374   0.2067631
17:  2016 0.2303780   0.2780834
18:  2017 0.2278871   0.3325212
19:  2018 0.2132148   0.3492265
20:  2019 0.1865630   0.3891305
21:  2020 0.2175030   0.3799856
22:  2021 0.2216251   0.3764815
23:  2022 0.2248755   0.3967933
     year Regulated Unregulated

ETS-bloc UNREGULATED size-bin flow counts:
Key: <year>
     year   <1k 1-10k 10-100k 100k-1M   >1M
    <int> <int> <int>   <int>   <int> <int>
 1:  2000  7823 10827   10211    5117  1522
 2:  2001  7986 10994   10048    5065  1524
 3:  2002  8050 11020    9874    4880  1428
 4:  2003  7624 11136    9960    4832  1390
 5:  2004  7585 10836   10062    4894  1471
 6:  2005  7729 10512    9728    4891  1461
 7:  2006  7294 10100    9499    4930  1504
 8:  2007  6910 10246    9597    4986  1544
 9:  2008  7083 10082    9284    4980  1547
10:  2009  7517 10381    9295    4661  1246
11:  2010  6331  8934    8609    4593  1381
12:  2011  6479  9283    8800    4858  1583
13:  2012  6440  9101    8693    4748  1540
14:  2013  6521  9029    8566    4671  1557
15:  2014  6645  8897    8403    4684  1580
16:  2015  5396  7167    7165    4299  1512
17:  2016  5507  7286    7293    4318  1503
18:  2017  5478  7508    7439    4382  1565
19:  2018  5593  7413    7408    4536  1569
20:  2019  5905  7610    7339    4357  1517
21:  2020  5777  7595    7643    4211  1357
22:  2021  5506  7086    7267    4203  1532
23:  2022  4788  6439    6801    4055  1529
     year   <1k 1-10k 10-100k 100k-1M   >1M

UNREGULATED quantity (kg) by bloc:
Key: <year>
     year ETS-bloc (intra-EU) non-ETS (extra-EU)
    <int>               <num>              <num>
 1:  2000          6299256396          751118370
 2:  2001          5635187720          750567672
 3:  2002          5743464256          758899827
 4:  2003          5481733759          993624585
 5:  2004          5652977242         1178195427
 6:  2005          5736774589         1159709100
 7:  2006          4191971768         1082008587
 8:  2007          4364654581         1262194335
 9:  2008          4170038933         1295992450
10:  2009          3520550706          925398828
11:  2010          3993025614         1335681958
12:  2011          4628627195         1364711167
13:  2012          4496224214         1199282868
14:  2013          4289082908         1240577664
15:  2014          4392424223         1283557465
16:  2015          4411222243         1227224890
17:  2016          4391394888         1201991685
18:  2017          6319524198         1305084794
19:  2018          6021785517         1392753597
20:  2019          6079968230         1356062506
21:  2020          5770938293         1426694136
22:  2021          5966084481         1694820975
23:  2022          5276985235         1252669193
     year ETS-bloc (intra-EU) non-ETS (extra-EU)

UNREGULATED unit value (EUR/kg) by bloc:
Key: <year>
     year ETS-bloc (intra-EU) non-ETS (extra-EU)
    <int>               <num>              <num>
 1:  2000            1.660595           3.682547
 2:  2001            1.873945           3.487800
 3:  2002            1.766607           3.490212
 4:  2003            1.838559           2.566781
 5:  2004            1.883053           2.268670
 6:  2005            1.876993           1.881061
 7:  2006            2.243537           2.637725
 8:  2007            2.255420           2.141281
 9:  2008            2.446212           2.121449
10:  2009            2.427721           2.373097
11:  2010            2.687893           2.134369
12:  2011            2.588514           3.087519
13:  2012            2.900862           3.358621
14:  2013            3.278681           3.669524
15:  2014            3.370421           3.476571
16:  2015            3.121808           3.190503
17:  2016            2.795004           4.177595
18:  2017            2.231250           5.382431
19:  2018            2.373114           5.506295
20:  2019            2.627613           7.504989
21:  2020            2.781726           6.896037
22:  2021            2.997289           6.370728
23:  2022            3.433323           9.513968
     year ETS-bloc (intra-EU) non-ETS (extra-EU)

Top extra-EU partners, UNREGULATED value (EUR):
Key: <partner_iso2>
    partner_iso2       2000       2001       2002       2003       2004      2005      2006       2007
          <char>      <num>      <num>      <num>      <num>      <num>     <num>     <num>      <num>
 1:           BR   37076010   43075402   34522648   31491925   41651464  30720196  43627141   48453637
 2:           BY    5414260    2371529    3302538   10310128   19171412  23374868  11050888   27841943
 3:           CA   57838892   69182106   76121849   68392292   35491058  38233857  52675545   92333056
 4:           CH   90092427  105512796  116841658  101984147   99841840  89155873 104901648  133699860
 5:           CN  160268613  148012580   96684112  105958410  133217407 226448343 311433941  230240773
 6:           IN   80806648   84121342   68298425   54659652   58501169  62312461 114771742   96210130
 7:           JP  528991853  421673960  416598357  412812592  482833800 459174378 446013955  311850075
 8:           MY   11492572   32000926    8923754    9253009   11396726  12327041  16523561   17484452
 9:           RU   16559878   23451225   17798620   31895440   36078006  56205722  47229053   51946356
10:           TR   44367343   45160884   45332859   49044861   60064759  81436004 136054234  128776910
11:           TW  101221017   61748954   31963883   29304545   33545390  27221085  27770224   30990354
12:           US 1089171405 1068479532 1323960359 1248203294 1215437481 583774092 926098719 1041619379
          2008      2009      2010      2011      2012       2013       2014      2015       2016       2017
         <num>     <num>     <num>     <num>     <num>      <num>      <num>     <num>      <num>      <num>
 1:   59914666  29215057  56069816  66465364 158625456  199184591  139912030 113169455  148897794  156532044
 2:   78902015  42872880  36185846  35799238  89643215  112349505   65733191  25316788   22225923   65167829
 3:   72218841  58970995  76402349  77602977  65850313  501180554  608227807 516735256  419850182  493648145
 4:  135882015 139553598 125223176 250561191 242491852  384143197  422233612 237585466  688331601 1747612760
 5:  236709633 194199218 292540114 356926050 313550033  348007862  346997011 334459492  341643362  371813615
 6:  139596595  93566964 144753121 625842851 400504627  117645474  118098715 142228880  121990791  159122341
 7:  342329876 330540055 412255393 502839106 377559487  430256305  458922376 436225343  569844088  591201685
 8:   24116962  29822557  46816714  44004252  64987428   83741114   80105760  76496175   66576276   77895099
 9:  107898282  36906017  90239996 122478884  70693942   26832006   80221382 109309930   97102347   69681967
10:  121903870 129112020 170471651 253587944 261423668  256508068  240613621 285526814  267650281  310862906
11:   29850263  28243125  31510919  34892944  36718257   40759375   86561886  81367752  172951517  180451750
12: 1004408485 719051812 863216262 843604706 938026995 1102092902 1083001523 954379252 1459744156 2278112045
          2018       2019       2020       2021       2022
         <num>      <num>      <num>      <num>      <num>
 1:   99056480   95862635  112222888  210153142  169746330
 2:   81806499   73236489   48516849   88583930    6847520
 3:  690803153  757051024  826337990  366027262  397495229
 4: 2517733760 5429468899 5148887825 5162616406 5828996962
 5:  478976624  465105540  555729982  750832252  848553361
 6:  152091223  142714604   87064050  131408003  117535610
 7:  526926169  422594039  327545839  354345202  399134406
 8:   87003905   83652134   72039528   78609034  143853768
 9:   89593632   72227213   89870089  101170095   58430739
10:  246927136  245312179  282785123  317308357  269103963
11:  109171389  111106515   48209152   79070445  136709525
12: 2097702804 1695152768 1538624018 1849197659 2129142484

Top partners value (EUR):
Key: <year>
     year        BR        BY        CA         CH        CN        IN        JP        MY        RU        TR
    <int>     <num>     <num>     <num>      <num>     <num>     <num>     <num>     <num>     <num>     <num>
 1:  2000  37076010   5414260  57838892   90071607 160268613  80806648 528991853  11492572  16559878  44367343
 2:  2001  43075402   2371529  69182106  105507504 148012580  84121342 421673960  32000926  23451225  45160884
 3:  2002  34522648   3302538  76120674  116838668  96684112  68298425 416565241   8917049  17798620  45332859
 4:  2003  31491925  10310128  68391016  101984147 105946089  54659652 412777128   9250950  31895440  49043058
 5:  2004  41651464  19171412  35484575   99810284 133213931  58501169 482824233  11376324  36078006  60064759
 6:  2005  30720196  23374868  38232571   89119793 226447477  62312461 459161880  12309634  56204198  81436004
 7:  2006  43627141  11050888  52667993  104883487 311431620 114771742 446010469  16514181  47229053 136054234
 8:  2007  48453539  27841943  92332222  133674453 230237642  96210130 311845938  17484452  51946238 128776910
 9:  2008  59913811  78901923  72212402  135836534 236697386 139594082 342311866  24098880 107896439 121903416
10:  2009  29211724  42872817  58959979  139511704 194165058  93563007 330506515  29786833  36904935 129110800
11:  2010  56067642  36185736  76383408  125181797 292492775 144746401 412218678  46761162  90239045 170469963
12:  2011  66456858  35799238  77593455  250514298 356867380 625838721 502799380  43957524 122477855 253582723
13:  2012 158624576  89643173  65835333  242430084 313499089 400498436 377526058  64929672  70693136 261421891
14:  2013 199183591 112349505 501173378  384107620 347957958 117641959 430227286  83682635  26830571 256505963
15:  2014 139908673  65733137 608221621  422114251 346941996 118095703 458884062  80064252  80220808 240612509
16:  2015 113168121  25316614 516726721  237473305 334409335 142223605 436197191  76476966 109309587 285525341
17:  2016 148895453  22225898 419844468  688250797 341601294 121986470 569826607  66565690  97100265 267645854
18:  2017 156532044  65167829 493647576 1747593753 371811422 159122341 591201001  77895035  69681925 310862750
19:  2018  99056480  81806499 690803153 2517733760 478976624 152091223 526923649  87003905  89593632 246927136
20:  2019  95862635  73236489 757051024 5429468899 465105540 142714604 422594039  83652134  72227213 245312179
21:  2020 112222888  48516849 826337990 5148887825 555729982  87064050 327545839  72039528  89870089 282785123
22:  2021 210153142  88583930 366027262 5162616406 750831438 131408003 354345202  78609034 101170095 317308357
23:  2022 169746330   6847520 397495229 5828996962 848529296 117535610 399134406 143853768  58430739 269103963
     year        BR        BY        CA         CH        CN        IN        JP        MY        RU        TR
           TW         US
        <num>      <num>
 1: 101221017 1089156693
 2:  61748954 1068398106
 3:  31953061 1323864116
 4:  29288644 1248172976
 5:  33537186 1215374077
 6:  27194868  583660452
 7:  27768898  925992481
 8:  30990354 1041583576
 9:  29833040 1004306490
10:  28221059  718922167
11:  31480103  863105014
12:  34864098  843497122
13:  36684676  937881260
14:  40731207 1101995495
15:  86530098 1082848830
16:  81342052  954269376
17: 172935326 1459600187
18: 180451180 2278109512
19: 109171389 2097702804
20: 111106515 1695152768
21:  48209152 1538622410
22:  79070445 1849197659
23: 136709525 2129142484
           TW         US

Top partners quantity (kg):
Key: <year>
     year       BR        BY        CA       CH        CN       IN        JP       MY        RU       TR
    <int>    <num>     <num>     <num>    <num>     <num>    <num>     <num>    <num>     <num>    <num>
 1:  2000 35976692  31697164  88365082 18588669  50969282 65263571  37435768  3854697  71768591 15627735
 2:  2001 46881884   3908278  91769629 21485270  49854257 50801575  34308586  5219417 103224701 16563205
 3:  2002 51417115   9793035 106361909 19260034  27506033 45527935  50038629  5232714  72916478 24581734
 4:  2003 41156466  98648653 108301869 15285313  48982736 45930666  55123352  2983150 236175345 19387917
 5:  2004 56272130 215706874 120243866 14030226  77366175 38482212  72898206  3140617 209940770 28760511
 6:  2005 40962698 203593923  91363272 12934502  90687878 34734472  75272339  4641340 239679540 38481026
 7:  2006 55451464  76578179 153339357 12125389 116769970 62744213  82129683 10539418 115077585 47545298
 8:  2007 54943874 167392150 115856570 11799653 127992752 72346263  73817170  8343152 153296853 55557205
 9:  2008 50879385 232272740  92317291 12975823 127447222 90342797  68223303  7195492 196217373 45127481
10:  2009 34415709 105690794  67071431 11745348 107663434 48011382  66010672 10714051  71899214 42861491
11:  2010 26865560 134806821 117396907  9977785 129333087 56032057  98735516 14599218 239586018 50198683
12:  2011 31435723 106026147 102271481 10189228 159608796 58417130  95749575 14222884 277620167 64209721
13:  2012 29413788 266123959  72809810  5905716 118113253 54177404  86044067 15297355 137875886 63452746
14:  2013 42727543 361417059 104999940  6967459 112789810 49335274  68163943 19258565  30739143 69031606
15:  2014 33641258 226890463 119465425  7060324 128780954 52472031 102575525 19548172 210296467 68215472
16:  2015 36336600  46410121  98119666 11296263 121354986 51152370  70368772 17518653 348057772 83896704
17:  2016 48735095  33688653  47028344  6992780  87639185 39518558 105382951 16016744 314758218 84775167
18:  2017 38934133 174035484  97764451  7110153  93447960 43749533 103731144 25013753 224689798 86808788
19:  2018 43847933 209303704 117544773  6525098 108763383 58241185  75136063 22540850 262290251 70466703
20:  2019 41899349 180143716 131825204  6723243  97571766 49893801  39361623 22789344 197730347 75380453
21:  2020 45152489 148846454  95441274  7064507  94731534 44937980  74317988 19250129 281280005 70206423
22:  2021 55030301 272517740 102633115  8611081 112171726 65411877  83293682 24597678 194558497 86982174
23:  2022 34664098   9125962 200787777  4378461 133134455 37033291  80681162 23993222  70518990 64149891
     year       BR        BY        CA       CH        CN       IN        JP       MY        RU       TR
          TW        US
       <num>     <num>
 1:  8227856 136882904
 2:  8270208 143902241
 3: 12934573 155536516
 4:  7549953 162952246
 5:  6783999 138052718
 6: 10902629 130914590
 7:  7498107 171593681
 8:  9093811 212463462
 9:  9311214 208583232
10:  8074324 191818720
11:  6041364 186377696
12: 10169013 178313572
13: 10795081 156404825
14:  9614404 166963132
15:  9904509 137303387
16: 10813182 101332865
17: 12137395 115558246
18: 12018020 154156585
19:  8556226 190766843
20:  6557744 331732040
21:  5809987 366368984
22:  7573196 385298426
23:  6275020 248345580
          TW        US

Top partners unit value (EUR/kg):
Key: <year>
     year        BR         BY        CA          CH       CN        IN        JP       MY        RU       TR
    <int>     <num>      <num>     <num>       <num>    <num>     <num>     <num>    <num>     <num>    <num>
 1:  2000 1.0305564 0.17081212 0.6545447    4.845511 3.144416  1.238159 14.130653 2.981446 0.2307399 2.839013
 2:  2001 0.9188070 0.60679627 0.7538671    4.910690 2.968906  1.655881 12.290625 6.131130 0.2271862 2.726579
 3:  2002 0.6714233 0.33723340 0.7156761    6.066379 3.515015  1.500143  8.324873 1.704096 0.2440960 1.844168
 4:  2003 0.7651756 0.10451363 0.6314851    6.672035 2.162927  1.190047  7.488244 3.101068 0.1350498 2.529568
 5:  2004 0.7401793 0.08887715 0.2951051    7.113947 1.721863  1.520213  6.623266 3.622321 0.1718485 2.088445
 6:  2005 0.7499554 0.11481123 0.4184676    6.890083 2.496998  1.793966  6.100008 2.652172 0.2344973 2.116264
 7:  2006 0.7867627 0.14430857 0.3434734    8.649907 2.667052  1.829200  5.430564 1.566897 0.4104105 2.861571
 8:  2007 0.8818734 0.16632765 0.7969528   11.328677 1.798833  1.329856  4.224572 2.095665 0.3388604 2.317916
 9:  2008 1.1775656 0.33969515 0.7822197   10.468433 1.857219  1.545160  5.017521 3.349164 0.5498822 2.701312
10:  2009 0.8487904 0.40564381 0.8790625   11.878039 1.803445  1.948767  5.006865 2.780165 0.5132870 3.012280
11:  2010 2.0869709 0.26842660 0.6506424   12.546051 2.261546  2.583278  4.174979 3.202991 0.3766457 3.395905
12:  2011 2.1140553 0.33764537 0.7587008   24.586190 2.235888 10.713274  5.251192 3.090620 0.4411706 3.949289
13:  2012 5.3928646 0.33684743 0.9042097   41.050075 2.654224  7.392352  4.387590 4.244503 0.5127302 4.119946
14:  2013 4.6617141 0.31085834 4.7730825   55.128795 3.085012  2.384541  6.311655 4.345217 0.8728471 3.715776
15:  2014 4.1588419 0.28971309 5.0911937   59.786810 2.694047  2.250641  4.473621 4.095741 0.3814653 3.527242
16:  2015 3.1144389 0.54549770 5.2662911   21.022289 2.755629  2.780391  6.198733 4.365459 0.3140559 3.403296
17:  2016 3.0551998 0.65974433 8.9274772   98.423064 3.897815  3.086815  5.407199 4.156006 0.3084916 3.157126
18:  2017 4.0204322 0.37445139 5.0493566  245.788491 3.978807  3.637121  5.699359 3.114088 0.3101250 3.581006
19:  2018 2.2590912 0.39085070 5.8769364  385.853781 4.403841  2.611403  7.012926 3.859832 0.3415820 3.504168
20:  2019 2.2879266 0.40654479 5.7428398  807.567013 4.766805  2.860367 10.736194 3.670669 0.3652814 3.254321
21:  2020 2.4854198 0.32595233 8.6580780  728.838897 5.866367  1.937427  4.407356 3.742288 0.3195040 4.027910
22:  2021 3.8188623 0.32505748 3.5663661  599.531730 6.693589  2.008932  4.254167 3.195791 0.5199983 3.647970
23:  2022 4.8968916 0.75033407 1.9796784 1331.288908 6.373476  3.173782  4.947058 5.995600 0.8285816 4.194925
     year        BR         BY        CA          CH       CN        IN        JP       MY        RU       TR
           TW        US
        <num>     <num>
 1: 12.302235  7.956850
 2:  7.466433  7.424472
 3:  2.470361  8.511597
 4:  3.879315  7.659747
 5:  4.943572  8.803695
 6:  2.494340  4.458330
 7:  3.703455  5.396425
 8:  3.407851  4.902413
 9:  3.203990  4.814896
10:  3.495161  3.747925
11:  5.210761  4.630946
12:  3.428464  4.730415
13:  3.398277  5.996498
14:  4.236478  6.600233
15:  8.736435  7.886541
16:  7.522490  9.417176
17: 14.248142 12.630861
18: 15.015050 14.777893
19: 12.759292 10.996160
20: 16.942796  5.110006
21:  8.297635  4.199652
22: 10.440829  4.799391
23: 21.786311  8.573305
           TW        US
