================================================================
ETS-NACE4d level-share variance benchmark
Generated by analysis/phase5_shock_benchmark_ets_nace_share.R
================================================================

Statistic: sigma_{b,n} = sd_t( Δ share_{b,n,t} )
  share_{b,n,t} = spending_{b,n,t} / inputs_VAT_{b,t}
  Δ = first-difference (level), consecutive years
  Units: percentage points of buyer's total input cost

Sample:
  ETS-treated NACE4d sectors: 121 (>=1 EUTL firm ever)
  Buyers exposed to >=1 ETS NACE4d: 17822
  (buyer, ETS-NACE4d) cells with sigma, 2005-2012: 51247
  (buyer, ETS-NACE4d) cells with sigma, 2005-2019: 51972

----------------------------------------------------------------
Cross-cell distribution of sigma_{b,n}
  Unweighted (each cell counted once) and weighted by mean
  spending in the cell (big-spend cells dominate the summary,
  matching how the shock itself is weighted).
----------------------------------------------------------------
                         window              weighting n_cells       p10       p25      p50
10%...1 2005-2012 (pre-Phase-3)             unweighted   51247 0.000e+00 0.0001605 0.001514
...2    2005-2012 (pre-Phase-3) weighted_by_mean_spend   51247 8.302e-03 0.0208992 0.054608
10%...3 2005-2019 (pre-Phase-4)             unweighted   51972 5.879e-05 0.0003787 0.001990
...4    2005-2019 (pre-Phase-4) weighted_by_mean_spend   51972 7.734e-03 0.0176424 0.055516
             p75     p90     p95    mean
10%...1 0.008369 0.03287 0.06769 0.01439
...2    0.108175 0.19593 0.25457 0.08887
10%...3 0.009267 0.03306 0.06460 0.01522
...4    0.099383 0.16676 0.23823 0.08391

----------------------------------------------------------------
sigma by ETS-NACE4d sector (2005-2012)
----------------------------------------------------------------
   nace4d n_cells       p25       p50       p75       p90 mean_sigma mean_share
1    1105      93 5.451e-03 3.528e-02 9.763e-02 0.1939563  0.0814876  0.0927307
2    2351     413 1.842e-03 3.299e-02 9.266e-02 0.1569188  0.0689856  0.0808330
3    2561    2685 2.023e-03 8.499e-03 2.231e-02 0.0444114  0.0186133  0.0235645
4    1610    1113 1.246e-03 8.356e-03 3.064e-02 0.0774736  0.0293704  0.0321180
5    2060     215 1.096e-03 7.922e-03 3.028e-02 0.0820576  0.0321563  0.0299700
6    1330     399 9.414e-04 6.940e-03 3.805e-02 0.0783364  0.0271053  0.0397669
7    1320     473 1.084e-03 5.909e-03 2.733e-02 0.0821843  0.0312957  0.0359736
8    2311     111 4.749e-04 5.715e-03 6.871e-02 0.1360004  0.0478040  0.0761555
9    2511    2575 1.012e-03 5.619e-03 2.418e-02 0.0726805  0.0355098  0.0217310
10   2120      78 8.851e-04 5.449e-03 3.836e-02 0.0822879  0.0344177  0.0305165
11   1621     886 6.405e-04 5.395e-03 1.758e-02 0.0460018  0.0180702  0.0194177
12   1393     338 3.569e-04 5.355e-03 3.446e-02 0.1018771  0.0411434  0.0433574
13   1106      69 0.000e+00 4.823e-03 1.654e-02 0.0367542  0.0127835  0.0165787
14   2361     668 5.082e-04 4.205e-03 2.499e-02 0.0832945  0.0318691  0.0340515
15   1711      29 8.706e-04 3.813e-03 1.579e-02 0.0233912  0.0092904  0.0073765
16   1712     659 9.437e-04 3.411e-03 9.602e-03 0.0261116  0.0123602  0.0112920
17   1392     496 2.634e-04 2.680e-03 1.938e-02 0.0619428  0.0296805  0.0241033
18   2442     759 1.619e-04 2.407e-03 1.096e-02 0.0437315  0.0157939  0.0116244
19   4673    3834 4.444e-04 2.387e-03 1.383e-02 0.0608324  0.0178999  0.0266062
20   2550    1885 3.312e-04 2.306e-03 9.840e-03 0.0267085  0.0115348  0.0080092
21   2363     587 3.229e-04 2.265e-03 1.056e-02 0.0361105  0.0156233  0.0158552
22   4671    3766 4.997e-04 2.241e-03 5.871e-03 0.0115847  0.0050226  0.0054111
23   2229     774 2.348e-04 2.115e-03 1.033e-02 0.0384537  0.0171968  0.0153754
24   2365     103 1.610e-04 2.078e-03 8.746e-03 0.0189213  0.0091922  0.0095029
25   2110      35 3.494e-04 1.975e-03 3.626e-03 0.0288655  0.0119575  0.0188670
26   2410    1509 3.581e-04 1.892e-03 8.697e-03 0.0267983  0.0143697  0.0092856
27   2932     216 1.720e-04 1.766e-03 6.353e-03 0.0309767  0.0280757  0.0126856
28   2012     526 1.737e-04 1.522e-03 5.771e-03 0.0138963  0.0063414  0.0065424
29   2221     578 5.695e-05 1.418e-03 7.324e-03 0.0309643  0.0128420  0.0143997
30   1920     240 9.419e-05 1.403e-03 9.956e-03 0.0418276  0.0164334  0.0141551
31   2016     737 7.812e-05 1.356e-03 1.006e-02 0.0439042  0.0195844  0.0152557
32   2599    1872 2.280e-04 1.342e-03 5.643e-03 0.0193909  0.0084575  0.0046535
33   2521     526 3.370e-04 1.320e-03 4.524e-03 0.0146496  0.0088556  0.0046475
34   1395      65 6.530e-05 1.286e-03 1.081e-02 0.0357329  0.0127644  0.0190600
35   2452     250 1.681e-04 1.280e-03 4.861e-03 0.0171452  0.0078671  0.0063753
36   2451     942 2.327e-04 1.251e-03 4.156e-03 0.0130293  0.0060795  0.0062109
37   2530     745 1.266e-04 1.159e-03 7.424e-03 0.0287401  0.0179739  0.0102917
38   2223     453 0.000e+00 1.156e-03 1.250e-02 0.0571036  0.0194788  0.0208097
39   2014     604 8.330e-05 1.147e-03 7.626e-03 0.0259099  0.0101505  0.0107132
40   4676    3072 1.610e-04 1.096e-03 7.427e-03 0.0376218  0.0130514  0.0131684
41   2312     191 0.000e+00 1.055e-03 2.050e-02 0.0790633  0.0213219  0.0274607
42   4675    3094 2.488e-04 1.052e-03 3.641e-03 0.0131457  0.0066890  0.0052816
43   3311     383 0.000e+00 1.005e-03 1.286e-02 0.0580238  0.0215689  0.0159705
44   2732      99 2.390e-04 1.004e-03 3.008e-03 0.0165026  0.0085025  0.0126935
45   2332     198 1.268e-04 9.531e-04 1.071e-02 0.0455492  0.0123988  0.0135370
46   2352     232 1.438e-04 9.281e-04 5.842e-03 0.0191773  0.0091071  0.0098610
47   1629     550 1.143e-04 9.116e-04 4.074e-03 0.0163172  0.0092564  0.0084100
48   2015     164 6.476e-05 8.207e-04 7.663e-03 0.0255714  0.0114444  0.0110944
49   2812     540 7.364e-05 7.120e-04 3.371e-03 0.0119572  0.0052667  0.0032305
50   2399     226 3.423e-05 6.797e-04 2.845e-03 0.0179383  0.0074303  0.0097247
51   2017     177 9.681e-05 6.501e-04 2.947e-03 0.0128542  0.0055327  0.0042493
52   2540      83 1.014e-04 6.318e-04 4.915e-03 0.0166867  0.0068560  0.0054990
53   3821     183 1.846e-04 6.219e-04 2.026e-03 0.0044496  0.0018059  0.0013425
54   2811     137 8.488e-05 6.096e-04 2.253e-03 0.0106764  0.0048932  0.0032218
55   2059    1000 1.447e-04 5.969e-04 2.906e-03 0.0114488  0.0067589  0.0042119
56   2434     991 1.385e-04 5.658e-04 1.972e-03 0.0073136  0.0056974  0.0049808
57   1107      62 1.216e-05 5.106e-04 1.639e-02 0.0366623  0.0138321  0.0250591
58   2222     510 0.000e+00 5.031e-04 2.729e-03 0.0127899  0.0062646  0.0067442
59   2830     315 2.433e-05 5.029e-04 4.220e-03 0.0241148  0.0311821  0.0179520
60   2894     211 5.676e-06 4.878e-04 3.255e-03 0.0139107  0.0084395  0.0078499
61   2444     283 1.099e-05 4.724e-04 2.826e-03 0.0106045  0.0071482  0.0074167
62   2013     273 6.458e-05 4.598e-04 4.366e-03 0.0169991  0.0097924  0.0095702
63   2892     224 1.039e-04 4.241e-04 1.716e-03 0.0053611  0.0046493  0.0034864
64   2319     112 4.133e-06 3.687e-04 2.646e-03 0.0077794  0.0120654  0.0056497
65   2320      89 1.599e-05 2.988e-04 1.971e-03 0.0172377  0.0138971  0.0074402
66   2219     436 4.088e-05 2.802e-04 1.524e-03 0.0071552  0.0083816  0.0059678
67   2443     610 0.000e+00 2.661e-04 2.020e-03 0.0110845  0.0079281  0.0065302
68   3312     492 0.000e+00 2.537e-04 4.321e-03 0.0185210  0.0073808  0.0059674
69   2314      62 3.005e-06 2.248e-04 1.971e-03 0.0049253  0.0021898  0.0034706
70   2362      53 0.000e+00 1.944e-04 4.342e-03 0.0071044  0.0077927  0.0044602
71   2910     153 0.000e+00 1.937e-04 2.189e-03 0.0223453  0.0139648  0.0082780
72   2313      81 6.202e-06 1.292e-04 2.621e-03 0.0256617  0.0090863  0.0057832
73   2011     643 2.295e-05 1.198e-04 6.033e-04 0.0026860  0.0024910  0.0041672
74   2813     226 0.000e+00 9.355e-05 8.661e-04 0.0032774  0.0020578  0.0015299
75   4638     455 0.000e+00 9.245e-05 4.904e-04 0.0019784  0.0011921  0.0005036
76   4646    1598 0.000e+00 6.531e-05 3.172e-04 0.0011447  0.0009808  0.0005681
77   7010      49 0.000e+00 6.456e-05 2.091e-03 0.0191435  0.0072510  0.0045873
78   3822      79 1.528e-06 5.895e-05 5.111e-04 0.0024242  0.0023502  0.0016949
79   2020      93 0.000e+00 2.148e-05 7.275e-04 0.0064976  0.0046620  0.0067528
80   4950      26 3.663e-06 1.195e-05 4.725e-05 0.0002514  0.0002451  0.0001466
81   1722      76 0.000e+00 1.404e-06 9.634e-04 0.0065546  0.0033384  0.0027906
82   2441      46 0.000e+00 0.000e+00 2.574e-04 0.0059839  0.0039079  0.0016946
83   3320     364 0.000e+00 0.000e+00 2.305e-03 0.0158075  0.0061862  0.0044949

----------------------------------------------------------------
sigma by mean-share quintile (2005-2012)
  sigma scales with the level of share, as expected. The carbon
  shock also scales with share, so shock/sigma is approximately
  invariant across quintiles -- the relevant comparison object.
----------------------------------------------------------------
  share_q n_cells  share_lo  share_hi mean_share sigma_p25 sigma_p50 sigma_p75 sigma_mean
1       1    8680 8.035e-09 0.0001705  0.0000652 5.559e-05 0.0001392 0.0002747  0.0001886
2       2    8680 1.706e-04 0.0007981  0.0004178 5.166e-04 0.0008410 0.0013012  0.0009932
3       3    8680 7.981e-04 0.0030038  0.0016609 1.653e-03 0.0026495 0.0041580  0.0031888
4       4    8680 3.004e-03 0.0133870  0.0067203 4.907e-03 0.0081178 0.0130828  0.0101588
5       5    8680 1.339e-02 2.3880257  0.0731528 2.085e-02 0.0390420 0.0772900  0.0704509

================================================================
Reading: compare median(sigma) -- spending-weighted -- against the
median carbon shock magnitude (also in pp of total input cost).
Ratio shock/sigma answers 'how many sd's of normal variation is
the carbon shock?'.
================================================================
